acquire 1271
    0408 1271 1275 2205 2223
    2412 2416 2475 2483 2509
    2517 2575 2632 2714 2728
    2740 2759 2777 2787 3017
    3031 3485 3837 3866 4312
    4383 4402 4409 4473 4485
    4505 4704 4726 4745 4794
    5111 5144 5210 5228 5683
    5704 5718 6663 6684 6714
    7048 7109 7284 7358 7621
    7703
acquiresleep 4471
    0416 4319 4333 4471 5161
    5217
alloc3_desc 7603
    7603 7630
alloc_desc 7555
    7555 7606
allocpid 2201
    2201 2233
allocproc 2218
    2218 2331 2383
argaddr 3665
    0433 3665 3677 3784 5938
    5957 5984 6332 6376
argfd 5871
    5871 5923 5940 5959 5971
    5985
argint 3656
    0431 3656 3763 3807 3808
    3834 3855 5876 5939 5958
    6193 6277 6278
argraw 3633
    3633 3650 3658 3667
argstr 3674
    0432 3674 6007 6074 6194
    6260 6279 6308 6333
BACK 7861
    7861 7974 8170 8439
backcmd 7896 8164
    7896 7910 7975 8164 8166
    8292 8405 8440
BACKSPACE 6974
    6974 6986 7119 7126
balloc 4917
    4917 4937 5290 5303 5311
BBLOCK 4160
    4160 4924 4957
begin_op 4702
    0365 2470 4702 5263 5733
    5828 6010 6077 6197 6259
    6276 6307 6437
bfree 4952
    4952 5335 5345 5348
bget 4308
    4308 4337 4356
binit 4286
    0312 1176 4286
bmap 5283
    5283 5321 5384 5419
BPB 4157
    4157 4160 4923 4925 4958
bpin 4401
    0316 4401 4806
bread 4352
    0313 4352 4627 4628 4654
    4670 4759 4760 4884 4906
    4924 4957 5066 5091 5164
    5255 5308 5341 5387 5422
brelse 4376
    0314 4376 4379 4633 4634
    4661 4678 4763 4764 4886
    4909 4930 4935 4964 5072
    5075 5100 5172 5261 5317
    5347 5390 5394 5425 5429
BSIZE 4105
    3909 4105 4127 4151 4157
    4608 4629 4761 4907 5384
    5388 5389 5415 5419 5423
    5424 5821 7619 7656
buf 3900
    0300 0313 0314 0315 0316
    0317 0364 0480 3624 3627
    3629 3674 3678 3900 3907
    3908 4273 4277 4282 4288
    4295 4307 4310 4351 4354
    4366 4376 4401 4408 4557
    4627 4628 4654 4655 4661
    4670 4671 4677 4678 4759
    4760 4790 4870 4882 4904
    4920 4954 5062 5088 5155
    5255 5286 5330 5376 5411
    7005 7018 7022 7025 7027
    7060 7117 7137 7282 7294
    7415 7448 7617 7725 7984
    7987 7988 7989 8003 8015
    8016
bunpin 4408
    0317 4408 4632
bwrite 4366
    0315 4366 4369 4630 4677
    4762
bzero 4902
    4902 4931
C 6975
    6975 7062 7112 7115 7122
    7139
clockintr 3482
    3482 3533
cmd 7865
    7865 7877 7886 7887 7892
    7893 7898 7902 7903 7907
    7916 7919 7924 7932 7938
    7942 7951 7975 7977 8016
    8017 8018 8019 8021 8023
    8024 8025 8028 8102 8105
    8107 8108 8109 8110 8113
    8114 8116 8118 8119 8120
    8121 8122 8123 8124 8125
    8126 8129 8130 8132 8134
    8135 8136 8137 8138 8139
    8150 8151 8153 8155 8156
    8157 8158 8159 8160 8163
    8164 8166 8168 8169 8170
    8171 8172 8262 8263 8264
    8265 8267 8271 8274 8280
    8281 8284 8287 8289 8292
    8296 8298 8300 8303 8305
    8308 8310 8313 8314 8325
    8328 8331 8335 8350 8353
    8358 8362 8363 8366 8371
    8372 8378 8387 8388 8394
    8395 8401 8402 8411 8414
    8416 8422 8423 8428 8434
    8440 8441 8444
commit 4769
    4603 4744 4769
CONSOLE 4239
    4239 7162 7163 7769
consoleinit 7154
    0320 1163 7154
consoleintr 7107
    0321 7107 7371
consoleread 7041
    7041 7162
consolewrite 7016
    7016 7163
consputc 6984
    0322 6984 7119 7126 7134
context 1951
    0301 0405 1951 1973 2055
    2252 2253 2254 2582 2623
copyin 1804
    0467 1804 2823 3616 6695
copyinstr 1833
    0468 1833 3627
copyout 1754
    0466 1754 2523 2808 5762
    6387 6388 6504 6515 6726
cpu 1971
    0390 1206 1265 1291 1307
    1335 1371 1971 1978 2108
    2177 2181 2190 2561
cpuid 2169
    0380 1162 1187 2169 2180
    3484 6921 6935 6944
create 6124
    6124 6201 6260 6280
devintr 3506
    3316 3368 3465 3506
devsw 4232
    4232 4237 5665 5782 5784
    5813 5815 7162 7163
dinode 4131
    4131 4151 5063 5067 5089
    5092 5156 5165 5256
dirent 4167
    4167 5456 5484 6055 6070
dirlink 5481
    0338 5481 5496 6030 6158
    6162
dirlookup 5453
    0339 5453 5459 5463 5488
    5575 6089 6134
DIRSIZ 4163
    4163 4169 5448 5500 5536
    5537 5592 6004 6071 6127
either_copyin 2819
    0401 2819 5424 7025
either_copyout 2804
    0400 2804 5389 7073
elfhdr 0955
    0955 6431
ELF_MAGIC 0952
    0952 6451
ELF_PROG_LOAD 0986
    0986 6461
end_op 4722
    0366 2472 4722 5267 5735
    5833 6012 6019 6037 6046
    6079 6113 6119 6203 6208
    6214 6221 6229 6249 6261
    6265 6281 6285 6309 6315
    6320 6441 6477 6544
EXEC 7857
    7857 7923 8109 8415
execcmd 7869 8103
    7869 7911 7924 8103 8105
    8371 8377 8378 8406 8416
FCR 7228
    7228 7270
FCR_FIFO_CLEAR 7230
    7230 7270
FCR_FIFO_ENABLE 7229
    7229 7270
fdalloc 5903
    5903 5925 6225 6380
fetchaddr 3611
    0435 3611 6341
fetchstr 3624
    0434 3624 3678 6351
file 4200
    0302 0328 0329 0330 0332
    0333 0334 0369 2056 2464
    4200 4871 4894 5661 5668
    5678 5681 5684 5701 5702
    5714 5716 5753 5772 5803
    5865 5871 5874 5903 5920
    5934 5953 5969 5981 6189
    6372 6608 6622 6968 7757
    7878 7934 7935 8114 8122
    8322
filealloc 5679
    0328 5679 6225 6628
fileclose 5714
    0329 2465 5714 5720 5974
    6227 6383 6384 6391 6392
    6654 6656
filedup 5702
    0330 2403 5702 5706 5927
fileinit 5672
    0331 1178 5672
fileread 5772
    0332 5772 5791 5942
filestat 5753
    0333 5753 5987
filewrite 5803
    0334 5803 5843 5962
fork1 8051
    7900 7943 7954 7961 7976
    8027 8051
forkret 2653
    2117 2253 2653
free_chain 7584
    7584 7692
free_desc 7568
    7568 7571 7573 7589 7609
freeproc 2263
    2118 2238 2246 2263 2389
    2529
freerange 2983
    2961 2979 2983
freewalk 1674
    1674 1682 1685 1698
fsinit 4891
    0337 2666 4891
FSMAGIC 4124
    4124 4893
getcmd 7984
    7984 8015
gettoken 8206
    8206 8291 8295 8307 8320
    8321 8357 8361 8383
growproc 2353
    0383 2353 3812
holding 1332
    0409 1274 1304 1332 2613
holdingsleep 4501
    0418 4368 4378 4501 5183
ialloc 5059
    0340 5059 5077 6143
IBLOCK 4154
    4154 5066 5091 5164 5255
idup 5142
    0341 2404 5142 5562
IER 7225
    7225 7254 7273
IER_RX_ENABLE 7226
    7226 7273
IER_TX_ENABLE 7227
    7227 7273
iget 5107
    5052 5073 5107 5127 5259
    5471 5560
iinit 5042
    0342 1177 5042
ilock 5153
    0343 5153 5159 5175 5264
    5565 5759 5786 5829 6016
    6029 6042 6083 6091 6132
    6136 6150 6211 6312 6444
initlock 1261
    0410 1261 2156 2157 2159
    2978 3321 4290 4464 4611
    5046 5674 6636 7156 7275
    7465
initlog 4606
    0363 4606 4609 4895
initsleeplock 4462
    0419 4298 4462 5048
inode 4216
    0303 0338 0339 0340 0341
    0343 0344 0345 0346 0347
    0349 0350 0351 0352 0353
    0354 2057 4206 4216 5038
    5048 5052 5058 5086 5106
    5109 5115 5141 5142 5153
    5181 5208 5237 5254 5258
    5283 5327 5359 5373 5408
    5452 5453 5481 5485 5554
    5557 5589 5600 6005 6052
    6069 6123 6126 6190 6257
    6272 6304 6409 6432 6555
INPUT_BUF_SIZE 7004
    7004 7005 7060 7117 7130
    7137 7139
install_trans 4619
    4619 4685 4774
intr_get 0816
    0816 1357 1372 2619 3462
intr_off 0809
    0809 1361 2571 3411
intr_on 0802
    0802 1378 2570 3365
IPB 4151
    4151 4154 5067 5092 5165
    5256
iput 5208
    0344 2471 5208 5240 5266
    5489 5583 5734 6035 6319
ireclaim 5251
    0355 4896 5251 5258
isdirempty 6052
    6052 6059 6095
ismapped 1901
    0469 1887 1901
ISR 7231
    7231 7356
itrunc 5327
    0354 5221 5327 6245
iunlock 5181
    0345 5181 5184 5239 5265
    5572 5761 5789 5832 6025
    6248 6318
iunlockput 5237
    0346 5237 5567 5576 5579
    6018 6031 6034 6045 6096
    6107 6111 6118 6135 6139
    6144 6171 6179 6180 6213
    6220 6228 6264 6284 6314
    6476 6543
iupdate 5086
    0347 5086 5223 5353 5438
    6024 6044 6105 6110 6154
    6168 6178
kalloc 3027
    0358 1425 1507 1592 1638
    1721 1890 2137 2139 2237
    3027 6348 6630 7520 7521
    7522 7524
KERNBASE 0238
    0238 0239 1438
kernel_pagetable 1413
    1413 1467 1478
kerneltrap 3453
    3208 3237 3453 3461 3463
    3468
kernelvec 3211
    3209 3211 3314 3328 3346
kexec 6426
    0325 2674 6355 6426
kexit 2454
    0381 2454 3357 3380 3764
kfork 2376
    0382 2376 3777
kfree 3005
    0359 1619 1645 1688 1725
    1895 2266 2988 3005 3010
    6358 6364 6652 6673
killed 2783
    0388 2040 2276 2539 2761
    2778 2783 2788 3356 3379
    3840 6686 6716 7053
kinit 2976
    0360 1168 2976
kkill 2754
    0387 2754 3856
KSTACK 0247
    0247 2140 2161
kvminit 1465
    0453 1169 1465
kvminithart 1473
    0454 1170 1188 1473
kvmmake 1421
    1421 1467
kvmmap 1457
    0455 1429 1432 1435 1438
    1441 1445 1457 1460 2141
kwait 2503
    0397 2503 3785
LCR 7232
    7232 7257 7267
LCR_BAUD_LATCH 7234
    7234 7257
LCR_EIGHT_BITS 7233
    7233 7267
LIST 7860
    7860 7941 8157 8433
listcmd 7890 8151
    7890 7912 7942 8151 8153
    8296 8407 8434
loadseg 6555
    6409 6473 6555 6563
log 4589 4600
    4589 4600 4611 4612 4613
    4623 4625 4627 4628 4654
    4657 4658 4659 4670 4673
    4674 4675 4686 4704 4706
    4707 4708 4710 4712 4713
    4726 4727 4728 4729 4730
    4732 4737 4739 4745 4746
    4747 4748 4758 4759 4760
    4771 4775 4794 4795 4797
    4800 4801 4804 4805 4807
    4809
LOGBLOCKS 0159
    0159 4586 4708 4795
logheader 4584
    4584 4595 4608 4609 4655
    4671
log_write 4790
    0364 4790 4798 4908 4929
    4963 5071 5099 5314 5428
LSR 7235
    7235 7320 7333 7359
LSR_RX_READY 7236
    7236 7333
LSR_TX_IDLE 7237
    7237 7320 7359
major 4211
    4133 4208 4211 4224 5094
    5167 5782 5784 5813 5815
    6124 6151 6219 6235 6274
    6277 6280
MAKE_SATP 0740
    0740 1478 2682 3389
mappages 1556
    0456 1459 1556 1562 1565
    1568 1576 1644 1724 1894
    2297 2305
MAXARG 0157
    0157 6328 6430 6498
MAXARGS 7863
    7863 7871 7872 8390
MAXFILE 4128
    4128 5415
MAXOPBLOCKS 0158
    0158 0159 0160 4708 5821
MAXPATH 0162
    0162 6004 6007 6071 6074
    6187 6194 6256 6260 6273
    6279 6303 6308 6328 6333
MAXVA 0899
    0243 0899 1499 1525 1761
memcmp 6764
    0422 6764
memmove 6780
    0423 1723 1779 1819 2810
    2825 4629 4761 4885 5098
    5171 5537 5539 6780 6807
memset 6753
    0424 1426 1509 1595 1643
    1893 2252 3013 3038 4907
    5069 6100 6336 6753 7525
    7526 7527 7987 8108 8119
    8135 8156 8169
MIE_STIE 0607
    0607 1105
min 4873
    4873 5388 5423
minor 4212
    4134 4212 4225 5095 5168
    6124 6152 6274 6278 6280
MSTATUS_MPP_MASK 0513
    0513 1068
MSTATUS_MPP_S 0515
    0515 1069
mycpu 2178
    0390 1291 1335 1363 1364
    1365 1371 2178 2190 2561
    2615 2622 2623 2624
myproc 2187
    0391 1882 2187 2356 2380
    2456 2507 2611 2631 2657
    2705 2739 2806 2821 3348
    3406 3472 3613 3626 3635
    3734 3771 3809 3823 3840
    4478 4506 5562 5755 5877
    5906 5973 6305 6374 6435
    6480 6682 6711 7053
namecmp 5446
    0348 5446 5466 6086
namei 5590
    0349 2334 5590 6011 6207
    6308 6440
nameiparent 5601
    0350 5555 5570 5582 5601
    6027 6078 6129
namex 5555
    5555 5593 5603
NBUF 0160
    0160 4277 4295
NCPU 0151
    0151 1060 1978 2108
NDEV 0155
    0155 5665 5782 5813 6219
NDIRECT 4126
    4126 4128 4137 4228 5288
    5297 5302 5306 5333 5340
    5341 5348 5349
NELEM 0484
    0484 2851 3737 6338 6357
    6363
nextpid 2114
    2114 2156 2206 2207
NFILE 0153
    0153 5668 5684
NINDIRECT 4127
    4127 4128 5300 5343
NINODE 0154
    0154 5038 5047 5115
NOFILE 0152
    0152 2056 2401 2462 5877
    5908
NPROC 0150
    0150 2110 2136 2158 2222
    2430 2514 2574 2738 2758
    2848
nulterminate 8402
    8265 8280 8402 8423 8429
    8430 8435 8436 8441
O_CREATE 4003
    4003 6200 8328 8331
O_RDONLY 4000
    4000 6212 8325
O_RDWR 4002
    4002 6242 7768 7770 8007
O_TRUNC 4004
    4004 6244 8328
O_WRONLY 4001
    4001 6241 6242 8328 8331
PA2PTE 0884
    0884 1510 1577
panic 8036
    0376 1275 1305 1373 1375
    1460 1500 1562 1565 1568
    1576 1610 1685 1745 2139
    2459 2492 2614 2616 2618
    2620 2676 3010 3342 3461
    3463 3468 3650 4337 4369
    4379 4609 4729 4796 4798
    4894 4961 5127 5159 5175
    5184 5321 5459 5463 5496
    5706 5720 5791 5843 6059
    6094 6102 6563 7471 7503
    7510 7515 7517 7524 7571
    7573 7723 7901 7921 7953
    8036 8057 8278 8322 8356
    8360 8386 8391
parseblock 8351
    8351 8356 8375
parsecmd 8268
    7902 8028 8268
parseexec 8367
    8264 8305 8367
parseline 8285
    8262 8274 8285 8296 8358
parsepipe 8301
    8263 8289 8301 8308
parseredirs 8314
    8314 8362 8381 8392
pde_t 0909 0909
    0909 0909 1507 6409
peek 8251
    8251 8275 8290 8294 8306
    8319 8355 8359 8374 8382
PGROUNDDOWN 0875
    0875 1760 1809 1839 1886
PGROUNDUP 0874
    0874 1636 1663 1664 1665
    1697 2986 6486
PGSHIFT 0872
    0872 0892
PGSIZE 0871
    0243 0247 0259 0871 0874
    0875 1426 1429 1432 1445
    1509 1561 1564 1571 1580
    1581 1595 1609 1612 1637
    1643 1644 1664 1697 1714
    1723 1724 1732 1776 1783
    1816 1823 1843 1865 1893
    1894 2141 2254 2297 2305
    2987 3009 3013 3038 3420
    6351 6467 6488 6491 6493
    6560 6564 6567 7525 7526
    7527
PHYSTOP 0239
    0239 1441 2979 3009
pid_lock 2115
    2115 2156 2205 2208
pipe 6612
    0304 0370 0371 0372 4205
    5731 5780 5811 6612 6624
    6630 6636 6640 6644 6661
    6679 6708 7952 7953
PIPE 7859
    7859 7950 8136 8427
pipealloc 6622
    0369 6377 6622
pipeclose 6661
    0370 5731 6661
pipecmd 7884 8130
    7884 7913 7951 8130 8132
    8308 8408 8428
piperead 6708
    0371 5780 6708
PIPESIZE 6610
    6610 6614 6690 6697 6725
pipewrite 6679
    0372 5811 6679
PLIC 0228
    0228 0229 0230 0231 0232
    0233 1435 6914 6915
plic_claim 6933
    0475 3514 6933
plic_complete 6942
    0476 3528 6942
plicinit 6911
    0473 1174 6911
plicinithart 6919
    0474 1175 1190 6919
PLIC_SCLAIM 0233
    0233 6936 6945
PLIC_SENABLE 0231
    0231 6925
PLIC_SPRIORITY 0232
    0232 6928
pop_off 1369
    0413 1326 1369 1373 1375
    2192 7325
prepare_return 3404
    0443 2681 3386 3404
proc 2034
    0305 0385 0388 0389 0391
    1257 1407 1882 1972 2034
    2045 2105 2110 2112 2118
    2134 2136 2140 2154 2158
    2159 2161 2186 2191 2217
    2220 2222 2263 2284 2329
    2356 2379 2380 2426 2428
    2430 2456 2505 2507 2514
    2560 2563 2574 2581 2586
    2611 2631 2657 2705 2736
    2738 2756 2758 2775 2783
    2806 2821 2844 2848 3305
    3348 3406 3605 3613 3626
    3635 3734 3756 4458 4867
    5663 5755 5862 5906 6305
    6374 6405 6435 6605 6682
    6711 6972 7209
procdump 2834
    0402 2834 7113
proc_freepagetable 2318
    0386 2269 2318 6535 6541
procinit 2152
    0392 1171 2152
proc_mapstacks 2132
    0384 1448 2132
proc_pagetable 2284
    0385 2244 2284 6454
proghdr 0974
    0974 6433
PTE2PA 0886
    0886 1505 1535 1618 1681
    1719
PTE_FLAGS 0888
    0888 1720
PTE_R 0878
    0878 1429 1432 1435 1438
    1441 1445 1644 1679 1894
    2141 2298 2306
pte_t 0866
    0464 0866 1496 1503 1522
    1559 1607 1678 1709 1741
    1757 1903
PTE_U 0881
    0881 1533 1644 1746 1894
PTE_V 0877
    0877 1504 1510 1531 1575
    1577 1615 1679 1684 1717
    1907
PTE_W 0879
    0879 1429 1432 1435 1441
    1679 1773 1894 2141 2306
    2363 6418 6488
PTE_X 0880
    0880 1438 1445 1679 2298
    6416
push_off 1355
    0412 1273 1355 2189 7312
PX 0893
    0893 1503 1513
PXMASK 0891
    0891 0893
PXSHIFT 0892
    0892 0893
R 7419
    7419 7467 7468 7469 7470
    7475 7479 7483 7486 7494
    7498 7501 7506 7509 7513
    7530 7533 7534 7535 7536
    7537 7538 7541 7549 7684
    7711
read_head 4652
    4652 4684
readi 5373
    0351 5373 5462 5495 5787
    6058 6059 6447 6459 6568
ReadReg 7217
    7217 7320 7333 7335 7356
    7359
readsb 4880
    4880 4892
recover_from_log 4682
    4602 4614 4682
REDIR 7858
    7858 7931 8120 8421
redircmd 7875 8114
    7875 7914 7932 8114 8116
    8325 8328 8331 8409 8422
Reg 7215
    7215 7217 7218
release 1302
    0411 1302 1305 2208 2227
    2239 2247 2338 2390 2410
    2414 2418 2488 2525 2526
    2530 2531 2534 2540 2589
    2635 2660 2715 2727 2744
    2766 2769 2779 2789 3020
    3035 3488 3841 3846 3868
    4318 4332 4395 4404 4411
    4479 4489 4507 4713 4739
    4748 4809 5118 5134 5146
    5219 5232 5687 5691 5708
    5722 5728 6672 6675 6687
    6702 6717 6734 7054 7085
    7150 7300 7364 7694 7732
releasesleep 4483
    0417 4381 4483 5186 5226
reparent 2426
    2426 2478
RHR 7223
    7223 7335
r_mcounteren 0784
    0784 1111
r_menvcfg 0709
    0709 1108
r_mhartid 0504
    0504 1093
r_mie 0609
    0609 1105
r_mstatus 0519
    0519 1067
ROOTDEV 0156
    0156 2666 5560
ROOTINO 4104
    4104 5560
r_satp 0751
    0751 3419
r_scause 0760
    0760 3353 3370 3371 3374
    3458 3508
r_sepc 0632
    0632 3351 3375 3456 3467
r_sie 0591
    0591 1082
r_sstatus 0559
    0559 0804 0811 0818 3341
    3428 3457
r_stval 0769
    0769 3371 3375 3467
r_time 0793
    0793 1114 3494
r_tp 0833
    0833 2171 3422
run 2966
    2841 2966 2967 2972 3007
    3015 3029
runcmd 7907
    7903 7907 7921 7938 7944
    7946 7959 7966 7977 8028
RUNNING 2031
    2031 2580 2617 2618 2841
safestrcpy 6835
    0425 2406 6527 6835
SATP_SV39 0738
    0738 0740
sb 4876
    4154 4160 4606 4612 4876
    4880 4885 4892 4893 4895
    4923 4924 4925 4957 5065
    5066 5091 5164 5253 5255
sched 2608
    0394 2491 2608 2614 2616
    2618 2620 2634 2721
scheduler 2558
    0393 1193 2558
setkilled 2775
    0389 2775 3376
sfence_vma 0860
    0860 1476 1481
SIE_SEIE 0588
    0588 1082
SIE_STIE 0589
    0589 1082
skipelem 5523
    5523 5564
sleep 2703
    0395 2545 2703 2839 3844
    4464 4475 4707 4710 6692
    6720 7057 7291 7633 7688
sleeplock 3951
    0307 0416 0417 0418 0419
    3905 3951 4220 4269 4459
    4462 4471 4483 4501 4555
    4868 5660 5864 6607 6966
    7413 7755
spinlock 1201
    0306 0395 0408 0409 0410
    0411 0442 1201 1255 1261
    1271 1302 1332 1406 2035
    2104 2115 2126 2703 2957
    2971 3304 3308 3604 3755
    3953 4268 4276 4457 4554
    4590 4866 5037 5659 5667
    5861 6404 6604 6613 6965
    7001 7208 7240 7412 7456
    7754
SSTATUS_SIE 0555
    0555 0804 0811 0819
SSTATUS_SPIE 0553
    0553 3430
SSTATUS_SPP 0552
    0552 3341 3429 3460
start 1064
    1018 1064 4591 4612 4627
    4654 4670 4759
started 1156
    1156 1182 1184
stat 4054
    0308 0352 4054 4865 5359
    5662 5756 5860 7753
stati 5359
    0352 5359 5760
strlen 6851
    0426 3629 6500 6504 6851
    8023 8273
strncmp 6811
    0427 5448 6811
strncpy 6821
    0428 5500 6821
superblock 4113
    0309 0363 4113 4606 4876
    4880
swtch 2908
    0405 2582 2623 2907 2908
syscall 3731
    0436 3367 3606 3731
sys_chdir 6301
    3690 3715 6301
SYS_chdir 3559
    3559 3715
sys_close 5966
    3702 3727 5966
SYS_close 3571
    3571 3727
sys_dup 5918
    3691 3716 5918
SYS_dup 3560
    3560 3716
sys_exec 6326
    3688 3713 6326
SYS_exec 3557
    3557 3713
sys_exit 3760
    3683 3708 3760
SYS_exit 3552
    3552 3708
sys_fork 3775
    3682 3707 3775
SYS_fork 3551
    3551 3707
sys_fstat 5979
    3689 3714 5979
SYS_fstat 3558
    3558 3714
sys_getpid 3769
    3692 3717 3769
SYS_getpid 3561
    3561 3717
sys_kill 3851
    3687 3712 3851
SYS_kill 3556
    3556 3712
sys_link 6002
    3700 3725 6002
SYS_link 3569
    3569 3725
sys_mkdir 6254
    3701 3726 6254
SYS_mkdir 3570
    3570 3726
sys_mknod 6270
    3698 3723 6270
SYS_mknod 3567
    3567 3723
sys_open 6185
    3696 3721 6185
SYS_open 3565
    3565 3721
sys_pause 3829
    3694 3719 3829
SYS_pause 3563
    3563 3719
sys_pipe 6369
    3685 3710 6369
SYS_pipe 3554
    3554 3710
sys_read 5932
    3686 3711 5932
SYS_read 3555
    3555 3711
sys_sbrk 3801
    3693 3718 3801
SYS_sbrk 3562
    3562 3718
sys_unlink 6067
    3699 3724 6067
SYS_unlink 3568
    3568 3724
sys_uptime 3862
    3695 3720 3862
SYS_uptime 3564
    3564 3720
sys_wait 3781
    3684 3709 3781
SYS_wait 3553
    3553 3709
sys_write 5951
    3697 3722 5951
SYS_write 3566
    3566 3722
T_DEVICE 4052
    4052 6137 6219 6233 6280
T_DIR 4050
    4050 5458 5566 6017 6095
    6103 6156 6165 6212 6260
    6313
T_FILE 4051
    4051 6137 6201 6244
THR 7224
    7224 7294 7322
ticks 3309
    0439 3309 3486 3487 3838
    3839 3844 3867
tickslock 3308
    0442 3308 3321 3485 3488
    3837 3841 3844 3846 3866
    3868
timerinit 1102
    1057 1090 1102
trampoline 3068
    1417 1445 2120 2298 2683
    3066 3068 3311 3414 8468
TRAMPOLINE 0243
    0243 0247 0259 1445 2297
    2307 2320 2683 3414
trapframe 1992
    1992 2054 2237 2265 2266
    2267 2306 2396 2399 2674
    2675 3351 3361 3419 3420
    3421 3422 3434 3638 3640
    3642 3644 3646 3648 3736
    3740 3744 6521 6533 6534
TRAPFRAME 0259
    0259 2305 2321 2360 3086
    3160 3821
trapinit 3319
    0440 1172 3319
trapinithart 3326
    0441 1173 1189 3326
tx_busy 7241
    7241 7288 7296 7361
tx_chan 7242
    7242 7291 7362
tx_lock 7240
    7240 7275 7284 7291 7300
    7358 7364
UART0 0220
    0220 1429 7215
UART0_IRQ 0221
    0221 3516 6914 6925
uartgetc 7331
    0450 7331 7368
uartinit 7251
    0446 7158 7251
uartintr 7354
    0447 3517 7354
uartputc_sync 7309
    0449 6988 6990 7309
uartwrite 7282
    0448 7027 7282
uint16 0905 0905
    0905 0905 7442
uint32 0906 0906
    0906 0906 0975 0976 6914
    6915 6925 6928 6936 6945
    7419 7463 7513
uint64 0907 0907
    0907 0909 0332 0333 0334
    0351 0353 0371 0372 0386
    0397 0400 0401 0433 0434
    0435 0455 0456 0458 0459
    0460 0461 0462 0463 0464
    0465 0466 0467 0468 0469
    0470 0503 0506 0518 0521
    0527 0536 0558 0561 0567
    0573 0576 0582 0590 0593
    0601 0608 0611 0617 0626
    0631 0634 0640 0643 0651
    0657 0660 0666 0674 0679
    0682 0688 0691 0701 0708
    0711 0718 0726 0732 0740
    0745 0750 0753 0759 0762
    0768 0771 0778 0783 0786
    0792 0795 0818 0822 0825
    0832 0835 0841 0850 0853
    0866 0867 0884 0893 0907
    0909 0961 0962 0963 0977
    0978 0979 0980 0981 0982
    1074 1438 1441 1445 1457
    1497 1519 1520 1523 1556
    1558 1604 1606 1618 1627
    1628 1631 1644 1657 1658
    1681 1694 1707 1710 1724
    1739 1754 1756 1804 1806
    1833 1835 1878 1879 1881
    1890 1901 1952 1953 1956
    1957 1958 1959 1960 1961
    1962 1963 1964 1965 1966
    1967 1993 1994 1995 1996
    1997 1998 1999 2000 2001
    2002 2003 2004 2005 2006
    2007 2008 2009 2010 2011
    2012 2013 2014 2015 2016
    2017 2018 2019 2020 2021
    2022 2023 2024 2025 2026
    2027 2028 2051 2052 2140
    2141 2253 2298 2306 2318
    2355 2503 2682 2683 2684
    2804 2819 2986 3009 3328
    3336 3346 3389 3414 3421
    3456 3457 3458 3508 3611
    3614 3624 3632 3665 3676
    3682 3683 3684 3685 3686
    3687 3688 3689 3690 3691
    3692 3693 3694 3695 3696
    3697 3698 3699 3700 3701
    3702 3706 3759 3768 3774
    3780 3783 3800 3803 3828
    3850 3861 4059 4233 4234
    5373 5408 5462 5495 5502
    5753 5772 5803 5917 5931
    5936 5950 5955 5965 5978
    5982 6001 6058 6066 6101
    6184 6253 6269 6300 6325
    6330 6341 6368 6371 6409
    6430 6447 6459 6469 6481
    6487 6511 6515 6555 6558
    6568 6679 6708 7016 7041
    7486 7533 7534 7535 7536
    7537 7538 7619 7650 7655
    7665
userinit 2327
    0396 1180 2327
userret 3151
    2655 2683 3150 3151
USERSTACK 0163
    0163 6488 6491 6493
usertrap 3337
    3067 3337 3342 3374 3421
uservec 3071
    3070 3071 3311 3414
uvmalloc 1628
    0458 1628 2363 6470 6488
uvmclear 1739
    0463 1739 1745 6491
uvmcopy 1707
    0460 1707 2388
uvmcreate 1589
    0457 1589 2289
uvmdealloc 1658
    0459 1640 1646 1658 2367
uvmfree 1694
    0461 1694 2299 2308 2322
uvmunmap 1604
    0462 1604 1610 1665 1697
    1732 2307 2320 2321
VIRTIO0 0224
    0224 1432 7419
VIRTIO0_IRQ 0225
    0225 3518 6915 6925
virtio_disk_init 7461
    0479 1179 7461
virtio_disk_intr 7701
    0481 3519 7701 7723
virtio_disk_rw 7617
    0480 4358 4370 7617
vmfault 1879
    0470 1766 1812 1879 3371
wait_lock 2126
    2126 2157 2412 2414 2475
    2488 2509 2526 2531 2540
    2545
wakeup 2734
    0398 2433 2481 2734 3487
    4488 4737 4747 6666 6669
    6691 6701 6733 7143 7362
    7579 7727
walk 1497
    0464 1497 1500 1528 1573
    1613 1715 1743 1771 1903
walkaddr 1520
    0465 1520 1764 1810 1840
    6561
w_mcounteren 0778
    0778 1111
w_medeleg 0651
    0651 1080
w_menvcfg 0718
    0718 1108
w_mepc 0536
    0536 1074
w_mideleg 0666
    0666 1081
w_mie 0617
    0617 1105
w_mstatus 0527
    0527 1070
w_pmpaddr0 0732
    0732 1086
w_pmpcfg0 0726
    0726 1087
write_head 4668
    4668 4687 4773 4776
writei 5408
    0353 5408 5502 5830 6101
    6102
write_log 4754
    4754 4772
WriteReg 7218
    7218 7254 7257 7260 7263
    7267 7270 7273 7294 7322
w_satp 0745
    0745 1077 1478
w_sepc 0626
    0626 3434 3477
w_sie 0601
    0601 1082
w_sstatus 0567
    0567 0804 0811 3431 3478
w_stimecmp 0701
    0701 1114 3494
w_stvec 0674
    0674 3328 3346 3415
w_tp 0841
    0841 1094
yield 2629
    0399 2629 3384 3473
